Results
MDL value: -819.1615699695212
Clusters: 3
Weight: 0.3337266728738256; 0.33293999379284084; 0.3333333333333333
Variance: 1.7296614511259993; 1.2667772521910883; 0.8270289545770189

Parameters of clusters
 a; b1; b2:
26.3575140578752; 0.6150074002915479; 1.4137417748958068
13.859476996917868; 0.16377726763468367; 0.4849131798466584
19.39340691326966; 0.18740013332387162; 2.112059968503995

Clusters of individuals: 2; 2; 2; 2; 2; 2; 2; 2; 2; 2; 2; 2; 2; 2; 2; 2; 2; 2; 2; 2; 1; 1; 1; 1; 1; 1; 1; 1; 1; 1; 1; 1; 1; 1; 1; 1; 1; 1; 1; 1; 0; 0; 0; 0; 0; 0; 0; 0; 0; 0; 0; 0; 0; 0; 0; 0; 0; 0; 0; 0
