Results
MDL value: -216.18395733194575
Clusters: 3
Weight: 0.3333333333333333; 0.3333333333333333; 0.3333333333333333
Variance: 0.08210193169878119; 0.34295545822305884; 0.03430657139165068

Parameters of clusters
 a; b1; b2:
20.73324094981325; 0.21232803720283808; 1.9186063681995746
9.709981108502257; 0.11287549292364611; 0.5739010804467445
82.4946701767097; 0.797949505448494; 1.0325694630011117

Clusters of individuals: 0; 0; 0; 0; 0; 0; 0; 0; 0; 0; 0; 0; 0; 0; 0; 0; 0; 0; 0; 0; 1; 1; 1; 1; 1; 1; 1; 1; 1; 1; 1; 1; 1; 1; 1; 1; 1; 1; 1; 1; 2; 2; 2; 2; 2; 2; 2; 2; 2; 2; 2; 2; 2; 2; 2; 2; 2; 2; 2; 2
