Results
MDL value: -491.08574778591964
Clusters: 4
Weight: 0.25; 0.25; 0.25; 0.25
Variance: 0.3036968845640613; 0.27267294593628416; 0.2713954130429971; 0.27156141153716257

Parameters of clusters
 a; b1; b2:
109.75625372598319; 1.1796173364051037; 1.6242100003012554
14.102129488770274; 0.827128492983935; 1.8326555703012475
26.052352886085398; 0.21124947922531373; 1.404238024762953
49.46562524496548; 0.5431196870572108; 1.7685882211127255

Clusters of individuals: 3; 3; 3; 3; 3; 3; 3; 3; 3; 3; 3; 3; 3; 3; 3; 1; 1; 1; 1; 1; 1; 1; 1; 1; 1; 1; 1; 1; 1; 1; 2; 2; 2; 2; 2; 2; 2; 2; 2; 2; 2; 2; 2; 2; 2; 0; 0; 0; 0; 0; 0; 0; 0; 0; 0; 0; 0; 0; 0; 0
