Results
MDL value: -165.17115104107393
Clusters: 4
Weight: 0.25; 0.25; 0.25; 0.25
Variance: 0.07182176991080387; 0.06449907790808644; 0.07260746948639393; 0.07938044365181018

Parameters of clusters
 a; b1; b2:
3.212828237152439; 0.5828241589573342; 1.990154635105999
53.83770070458161; 0.2584369884638822; 0.4964131194298691
52.61231879450192; 0.7727416782908859; 1.3033149044765369
71.60885870314613; 1.432955620781761; 1.7082307441493412

Clusters of individuals: 0; 0; 0; 0; 0; 0; 0; 0; 0; 0; 0; 0; 0; 0; 0; 1; 1; 1; 1; 1; 1; 1; 1; 1; 1; 1; 1; 1; 1; 1; 2; 2; 2; 2; 2; 2; 2; 2; 2; 2; 2; 2; 2; 2; 2; 3; 3; 3; 3; 3; 3; 3; 3; 3; 3; 3; 3; 3; 3; 3
