Results
MDL value: -203.09350035728215
Clusters: 5
Weight: 0.2; 0.2; 0.2; 0.2; 0.2
Variance: 0.08104572054239288; 0.08967660299486048; 0.06335117388735022; 0.08243155430511405; 0.07108204165474834

Parameters of clusters
 a; b1; b2:
20.429261128441613; 0.6075268079335066; 1.5103156078143707
44.38365847630325; 0.550720879462755; 1.9105736398825968
1065.8653038817936; 0.6221873093053307; 0.6403180603322788
27.80343016192866; 1.104152323630459; 2.4342446356987018
45.25272145950075; 0.33510429541337866; 1.289818137449284

Clusters of individuals: 0; 0; 0; 0; 0; 0; 0; 0; 0; 0; 0; 0; 4; 4; 4; 4; 4; 4; 4; 4; 4; 4; 4; 4; 3; 3; 3; 3; 3; 3; 3; 3; 3; 3; 3; 3; 1; 1; 1; 1; 1; 1; 1; 1; 1; 1; 1; 1; 2; 2; 2; 2; 2; 2; 2; 2; 2; 2; 2; 2
