Results
MDL value: -508.7671120154802
Clusters: 5
Weight: 0.2; 0.2; 0.2; 0.2000000000000001; 0.2
Variance: 0.2848461144220605; 0.2888731859403852; 0.30089413636778567; 0.2519128716814853; 0.25217956788702994

Parameters of clusters
 a; b1; b2:
55.81275414932678; 0.4495328061332036; 1.3283653888453313
33.69402582178367; 0.5076077604568149; 0.6532501248757894
32.70288482532372; 0.46556804406324487; 0.7917891051257051
31.36448724204767; 0.4735552637730981; 1.225709978311422
115.73737922573368; 0.4556909795410887; 0.5857165681964209

Clusters of individuals: 1; 1; 1; 1; 1; 1; 1; 1; 1; 1; 1; 1; 0; 0; 0; 0; 0; 0; 0; 0; 0; 0; 0; 0; 3; 3; 3; 3; 3; 3; 3; 3; 3; 3; 3; 3; 4; 4; 4; 4; 4; 4; 4; 4; 4; 4; 4; 4; 2; 2; 2; 2; 2; 2; 2; 2; 2; 2; 2; 2
