Results
MDL value: -713.0523972848007
Clusters: 3
Weight: 0.8333333333333334; 0.0833285649140393; 0.08333810175262699
Variance: 0.7945332610142479; 1.7840434245678791; 1.4809252520146068

Parameters of clusters
 a; b1; b2:
20.38841381649003; 0.2094961650458954; 1.9980925329426815
338.7205342429019; 0.8463361866928027; 0.9031677112848575
17.538799619111604; 0.20282466875457397; 0.47182820605073855

Clusters of individuals: 0; 0; 0; 0; 0; 0; 0; 0; 0; 0; 0; 0; 0; 0; 0; 0; 0; 0; 0; 0; 0; 0; 0; 0; 0; 0; 0; 0; 0; 0; 0; 0; 0; 0; 0; 0; 0; 0; 0; 0; 0; 0; 0; 0; 0; 0; 0; 0; 0; 0; 2; 2; 2; 2; 2; 1; 1; 1; 1; 1
