Results
MDL value: -176.9924051029965
Clusters: 3
Weight: 0.16666666666666666; 0.16666666666666666; 0.6666666666666666
Variance: 0.040987509106373124; 0.3522573532994152; 0.07653425140806085

Parameters of clusters
 a; b1; b2:
35.770808490359464; 0.679526065053371; 1.2466615384977298
44.313999842262454; 0.2588792150298726; 0.3564345021902569
20.478878746766032; 0.20830819520559699; 1.9468452698830538

Clusters of individuals: 2; 2; 2; 2; 2; 2; 2; 2; 2; 2; 2; 2; 2; 2; 2; 2; 2; 2; 2; 2; 2; 2; 2; 2; 2; 2; 2; 2; 2; 2; 2; 2; 2; 2; 2; 2; 2; 2; 2; 2; 1; 1; 1; 1; 1; 1; 1; 1; 1; 1; 0; 0; 0; 0; 0; 0; 0; 0; 0; 0
