Results
MDL value: -156.06641034123595
Clusters: 3
Weight: 0.08333333333333333; 0.08333333333333333; 0.8333333333333334
Variance: 0.2848680421789147; 0.039813403927098236; 0.08459768296835374

Parameters of clusters
 a; b1; b2:
6.3975363923355495; 0.014194139616585727; 0.7517565400756749
37.06694067050857; 0.6947480120402909; 1.25345769779152
20.21415245126982; 0.20327136623322664; 1.9870295477993667

Clusters of individuals: 2; 2; 2; 2; 2; 2; 2; 2; 2; 2; 2; 2; 2; 2; 2; 2; 2; 2; 2; 2; 2; 2; 2; 2; 2; 2; 2; 2; 2; 2; 2; 2; 2; 2; 2; 2; 2; 2; 2; 2; 2; 2; 2; 2; 2; 2; 2; 2; 2; 2; 0; 0; 0; 0; 0; 1; 1; 1; 1; 1
