Results
MDL value: -777.3116978732999
Clusters: 3
Weight: 0.16680490221024555; 0.16652843112308566; 0.6666666666666666
Variance: 1.7256206233116516; 1.3083132589216884; 0.9220735009786344

Parameters of clusters
 a; b1; b2:
21.568729475515898; 0.5226266280501753; 1.4595327404671985
7.083958957397593; 0.07196848175327156; 0.9113357884024818
19.928278121489885; 0.20050091309554113; 2.0011643132298236

Clusters of individuals: 2; 2; 2; 2; 2; 2; 2; 2; 2; 2; 2; 2; 2; 2; 2; 2; 2; 2; 2; 2; 2; 2; 2; 2; 2; 2; 2; 2; 2; 2; 2; 2; 2; 2; 2; 2; 2; 2; 2; 2; 1; 1; 1; 1; 1; 1; 1; 1; 1; 1; 0; 0; 0; 0; 0; 0; 0; 0; 0; 0
