Results
MDL value: -470.56104602304407
Clusters: 4
Weight: 0.08333333333333333; 0.75; 0.08333333333333333; 0.08333333333333333
Variance: 0.3873888026225679; 0.2839336568038082; 0.34317304805761806; 0.2654852342603354

Parameters of clusters
 a; b1; b2:
48.25254856649153; 0.6300401609454761; 2.0640565668709803
61.749969709076794; 0.9912744251442833; 1.4626012320326265
47.36215845472507; 0.4027714243694737; 0.8773056797866547
49.71387829073648; 0.3477756496989623; 1.332187843950219

Clusters of individuals: 1; 1; 1; 1; 1; 1; 1; 1; 1; 1; 1; 1; 1; 1; 1; 1; 1; 1; 1; 1; 1; 1; 1; 1; 1; 1; 1; 1; 1; 1; 1; 1; 1; 1; 1; 1; 1; 1; 1; 1; 1; 1; 1; 1; 1; 0; 0; 0; 0; 0; 3; 3; 3; 3; 3; 2; 2; 2; 2; 2
