Results
MDL value: -123.33336822102609
Clusters: 4
Weight: 0.75; 0.08333333333333333; 0.08333333333333333; 0.08333333333333333
Variance: 0.0703593539952463; 0.06587962899563743; 0.06039754553342334; 0.07261598669437057

Parameters of clusters
 a; b1; b2:
63.78207754577683; 1.541025922292042; 1.9542646012884355
11.108120025681705; 0.45138276569809177; 2.071222505576981
97.65155536484906; 1.107676081272036; 1.3978758812474237
94.31913021354; 0.606949994028655; 0.9639120851080227

Clusters of individuals: 0; 0; 0; 0; 0; 0; 0; 0; 0; 0; 0; 0; 0; 0; 0; 0; 0; 0; 0; 0; 0; 0; 0; 0; 0; 0; 0; 0; 0; 0; 0; 0; 0; 0; 0; 0; 0; 0; 0; 0; 0; 0; 0; 0; 0; 1; 1; 1; 1; 1; 2; 2; 2; 2; 2; 3; 3; 3; 3; 3
