Results
MDL value: -499.0983158259487
Clusters: 5
Weight: 0.6666666666666666; 0.08333333333333333; 0.0833333333333106; 0.08333333333335569; 0.08333333333333336
Variance: 0.29008799032905236; 0.2387404997487787; 0.36212823596959315; 0.37712340176407594; 0.3266936303203205

Parameters of clusters
 a; b1; b2:
74.21527722573934; 1.114758898189625; 1.9254671735094209
31.060107617350095; 0.662261179419756; 0.7491373174732027
35.93861856957931; 0.7614608417334774; 1.6349825571262977
62.05000523768313; 1.3078277930366353; 2.132435874798225
99.35304673402341; 1.3378954916206707; 1.5479720862761301

Clusters of individuals: 0; 0; 0; 0; 0; 0; 0; 0; 0; 0; 0; 0; 0; 0; 0; 0; 0; 0; 0; 0; 0; 0; 0; 0; 0; 0; 0; 0; 0; 0; 0; 0; 0; 0; 0; 0; 0; 0; 0; 0; 2; 2; 2; 2; 2; 3; 3; 3; 3; 3; 4; 4; 4; 4; 4; 1; 1; 1; 1; 1
