Results
MDL value: -152.9392975009386
Clusters: 5
Weight: 0.08333333333333333; 0.08333333333333333; 0.08333333333333333; 0.6666666666666666; 0.08333333333333333
Variance: 0.08613254351894828; 0.09720760958518912; 0.06376590393089578; 0.06839918599271025; 0.06353887680317555

Parameters of clusters
 a; b1; b2:
16.65041289700801; 0.13536222054166505; 0.7253554469726972
33.66586297228116; 0.284371987374139; 0.8533417990516495
55.45489009864919; 0.22468345080945562; 0.26992749597205784
48.55000008169573; 0.6663395220788002; 1.4698253529262788
68.37729826005827; 0.3225523880478558; 0.650467541300034

Clusters of individuals: 3; 3; 3; 3; 3; 3; 3; 3; 3; 3; 3; 3; 3; 3; 3; 3; 3; 3; 3; 3; 3; 3; 3; 3; 3; 3; 3; 3; 3; 3; 3; 3; 3; 3; 3; 3; 3; 3; 3; 3; 0; 0; 0; 0; 0; 1; 1; 1; 1; 1; 2; 2; 2; 2; 2; 4; 4; 4; 4; 4
