Results
Q value: -129.44674111112425
Clusters: 3
Weight: 0.08333333333333333; 0.08333333333333333; 0.8333333333333334
Variance: 0.29290780382049764; 0.03941227242463707; 0.08358535490743801

Parameters of clusters
 a; b1; b2:
8.334539735812761; 0.06720649799752235; 0.6084256040529105
51.099544326748756; 0.7526892178037764; 1.152042488909971
19.81593830753781; 0.19632805497663935; 2.039366717324857

Clusters of individuals: 2; 2; 2; 2; 2; 2; 2; 2; 2; 2; 2; 2; 2; 2; 2; 2; 2; 2; 2; 2; 2; 2; 2; 2; 2; 2; 2; 2; 2; 2; 2; 2; 2; 2; 2; 2; 2; 2; 2; 2; 2; 2; 2; 2; 2; 2; 2; 2; 2; 2; 0; 0; 0; 0; 0; 1; 1; 1; 1; 1
