Results
MDL value: -182.87542836291
Clusters: 6
Weight: 0.24997726608459106; 0.08333452108340976; 0.08333330640045687; 0.33401598426429785; 0.16600677691041618; 0.08333214525682758
Variance: 0.5148258499348592; 0.43102328006640417; 0.041403737815455664; 1.2845852003993738; 0.43994077230649287; 0.043383627011468806

Parameters of clusters
 a; b1; b2:
9.679275510373788; 0.09631585517580175; 1.0011837342181689
8.905022050836646; 0.09773829307226699; 4.983326848218789
9.654000529242694; 0.0818205914141196; 2.428209675118949
11.271067323540057; 0.0799913643770404; 1.570309196242283
14.077003126943005; 0.08523554324733346; 0.809602758152268
8.700831699766056; 0.09880434192017513; 3.440973393860036

Clusters of individuals: 3; 3; 2; 3; 3; 0; 0; 0; 1; 4; 5; 4
